error(train): 0.12048192771084343
error(test): 0.12048192771084343